[Bloom]
fBloomExposure1=1.000000
fBloomExposure2=0.200000
BloomDelay=1000.000000
BloomGate=0.250000
fBloomGaussCoefficient=6.000000
nBloomSampleNum=8

[Detail]
fDetailPower=0.600000
fBlurPower=0.250000
fBlurDistance=30000.000000

[HSI]
HueScale=0.600000
HueBias=0.000000
SaturationScale=1.000000
SaturationBias=0.090000
fIntensityScale=1.000000
IntensityBias=0.160000

[ShockWave]
ShockWavePower=0.110000

[GodRay]
nGodRaySampleNum=3
fGodRayDensity=0.340000
fGodRayWeight=0.090000
fGodRayDecay=0.960000
fGodRayExposure=0.250000
fLimitAngle=3.000000

[SSAO]
nSSAOLevel=1
fSSAOSampleRadius=30.000000
fSSAODarkFact=0.100000
fBlurWeight=0.500000

[Fog]
fFogDensityV=0.001000
fSlopeThreshold=0.100000
fHeightFalloff=0.004000
vecFogcolor=0.700000,0.700000,0.700000,1.000000

[shadow]
bEnabledAreaShadow=0
Jitter=1.000000
Softness=2.000000
Dark=0.700000
KernerSize=1.200000
DepthBias=0.000200
BiasSlope=1.000000

[HDR]
BrightGate=0.080000
Rectify=0.500000
GrayLevel=0.090000
StarType=2
EnableBlueShift=0
BloomScale=0.100000
StarScale=0.100000

[ColorGrade]
LUT=data\source\maps\µ¾Ïã´å\µ¾Ïã´å_colo grade_0013d.dds
Brightness=1.000000
Saturation=1.000000
Contrast=1.000000

[ColorCurve]
KC=0.000000
KM=0.000000
KY=0.000000

